-89.5 0.0 127.5
-87.0261 0.0 126.273
-83.9299 0.0 124.744
-80.8392 0.0 123.219
-77.7331 0.0 121.729
-75.8228 0.0 121.358
-73.0948 0.0 119.934
-71.6456 0.0 117.097
-66.702 0.0 113.41
-63.2857 0.0 112.938
-59.8408 0.0 112.704
-56.3977 0.0 112.436
-52.9695 0.0 112.024
-49.7645 0.0 111.566
-46.6082 0.0 110.877
-43.8262 0.0 108.89
-42.4302 0.0 106.054
-39.9216 0.0 103.753
-37.4346 0.0 101.358
-34.8839 0.0 99.0301
-32.4609 0.0 96.8824
-29.9657 0.0 95.6335
-27.6497 0.0 96.3891
-25.117 0.0 94.0479
-21.9847 0.0 93.1704
-20.1502 0.0 90.2677
-18.1818 0.0 87.6345
-15.2484 0.0 87.9211
-12.0535 0.0 88.2619
-9.3 0.0 87.973
-9.16062 0.0 84.5604
-7.9679 0.0 82.3
-7.43919 0.0 82.3
-4.69094 0.0 82.2162
-4.11202 0.0 79.3311
-1.24007 0.0 77.8938
-1.87427 0.0 75.3215
-5.31002 0.0 75.0856
-8.41797 0.0 74.1463
-11.5939 0.0 73.6098
-13.7645 0.0 74.3905
-16.125 0.0 76.1612
-18.376 0.0 74.1857
-17.8588 0.0 71.2738
-14.7785 0.0 71.9744
-11.6941 0.0 73.4604
-8.48405 0.0 73.3793
-5.17808 0.0 72.7896
-4.5709 0.0 69.5486
-5.83398 0.0 66.3536
-8.40736 0.0 64.0782
-10.9477 0.0 61.7384
-12.3652 0.0 60.4364
-12.5372 2.9117 60.2784
-12.5726 8.8927 60.2459
-12.5804 14.8927 60.2387
-12.5821 20.5177 60.2372
-12.5825 26.5177 60.2368
-12.492 32.5177 60.6752
-11.513 34.5782 65.8909
-14.2805 34.5802 72.0553
-21.4053 34.5802 74.1796
-29.1231 34.5802 74.1057
-36.7734 34.5802 77.1043
-44.2862 34.5802 79.402
-52.8308 34.5802 80.0927
-60.9134 34.5802 79.6508
-68.5619 34.5802 76.616
-72.8145 34.5802 69.8068
-73.5248 34.5802 62.1705
-72.4097 34.5802 53.8255
-72.8966 34.5802 45.941
-69.5135 34.5802 38.6655
-63.777 34.5802 33.3264
-56.4931 34.5802 28.8605
-48.771 34.5802 27.4243
-40.2128 34.5802 27.7878
-31.5697 34.5802 28.5478
-22.9051 34.5802 29.3676
-17.0176 29.3174 29.8707
-11.3549 28.5806 29.9608
-5.54993 25.1893 30.4425
-3.34359 21.4706 33.232
-2.20045 21.4552 40.2182
-1.52248 19.9374 47.2811
-1.28873 2.64444 49.9064
-2.9954 0.0 52.335
-5.12022 0.0 54.655
-4.96433 0.0 57.635
-2.58894 0.0 60.1092
0.314911 0.0 59.9486
3.17831 0.0 58.9659
4.91388 0.0 56.6137
3.71045 0.0 55.7456
1.71402 0.0 56.5746
-0.0105286 0.0 56.5669
-0.0116119 0.0 56.5672
1.02261 0.0 56.437
4.44437 0.0 56.6302
7.0914 0.0 54.9778
5.91916 0.0 52.799
5.99603 0.0 50.2019
9.15286 0.0 49.7957
12.2355 0.0 50.9352
15.0344 0.0 52.9557
17.9006 1.34748 53.8788
23.765 -0.740025 55.1374
30.2857 -1.97057 56.4157
35.7 -2.0616 57.4178
36.749 -0.93729 57.8953
40.6705 1.43068 58.0561
42.4482 0.0 57.2027
45.6071 0.0 56.748
49.1828 2.49706 56.7404
54.7 6.10281 56.5772
54.7 12.1008 56.505
54.7 17.7258 56.4895
58.1877 20.9076 57.1272
65.1955 20.9133 55.1886
69.2831 25.2265 49.2427
69.8842 26.9125 41.1554
69.1186 26.9133 33.41
64.7367 26.9133 27.4688
59.5996 26.9133 21.254
58.5775 26.9133 14.1641
61.2742 26.9133 8.78873
61.3715 26.9133 5.50888
60.1999 26.9133 -1.19803
62.5217 26.9133 -8.47752
67.3841 26.9133 -14.2635
74.4142 26.9133 -18.8347
81.9309 26.9133 -20.4917
88.6434 26.9133 -17.7942
93.0752 26.9133 -11.4988
91.5368 26.9133 -7.00691
89.4545 26.9133 -11.7089
91.35 26.9133 -17.6671
93.7866 26.9133 -19.8455
97.8985 26.9133 -21.2306
98.8816 23.8951 -21.5561
99.099 28.9761 -21.6281
99.7482 34.9758 -21.7536
100.542 40.9758 -21.8997
102.051 46.9758 -22.4489
103.341 52.9758 -23.1431
105.995 51.9993 -25.9743
106.704 46.6707 -26.7863
108.671 46.4134 -30.9423
108.57 43.0224 -36.2112
107.006 41.1645 -41.0477
104.209 41.1633 -47.7971
98.6066 41.1633 -53.7135
95.0171 41.1633 -60.7457
93.3862 41.1633 -68.3278
90.0665 41.1633 -76.2034
85.3666 41.1633 -83.4231
82.981 41.1633 -90.3738
85.5605 41.1633 -97.9161
88.5797 41.1633 -105.167
86.5667 38.1451 -110.52
84.1785 32.1508 -110.928
82.3535 26.5258 -109.667
77.9978 25.7885 -106.65
71.3665 25.7883 -103.39
64.2434 25.7883 -98.7773
57.756 25.7883 -93.9084
50.3625 25.7883 -90.1504
42.0447 25.7883 -90.2128
34.4855 25.7883 -93.6208
27.0469 25.7883 -96.5404
19.737 25.7883 -95.147
15.8443 25.7883 -88.4501
12.782 25.7883 -80.7372
6.84828 25.7883 -75.3038
1.74664 25.7883 -69.3232
0.514664 25.7883 -61.2757
1.3293 25.7883 -52.8876
0.131958 25.7883 -44.7504
-0.496811 25.7883 -41.6369
-1.75946 25.7883 -41.8617
-7.45475 25.7883 -45.0039
-14.8133 25.7883 -46.1905
-22.1904 25.7883 -43.2165
-27.5464 25.7883 -36.9288
-32.4005 30.4762 -29.8331
-37.2152 36.4758 -22.6049
-42.4774 42.4758 -15.6918
-49.3234 43.413 -11.0575
-57.4772 43.4133 -10.7413
-65.5196 43.4133 -13.2567
-70.7113 43.4133 -18.6775
-73.6551 43.4133 -25.9231
-73.8247 43.4133 -33.7363
-71.5746 43.4133 -41.9423
-67.7143 43.4133 -48.9575
-62.2969 43.4133 -54.8766
-55.5432 43.4133 -60.2262
-49.9107 43.4133 -66.0498
-44.5516 43.4133 -72.8606
-40.4299 43.4133 -79.8605
-36.0877 43.4133 -87.3955
-32.5374 42.9539 -94.3845
-30.5599 28.9244 -98.3593
-28.8318 18.3054 -101.378
-27.2851 12.5358 -103.82
-25.4156 0.9216 -106.432
-24.387 0.0 -106.257
-24.0602 1.16611 -105.19
-23.5616 3.07239 -103.767
-23.3878 2.48553 -103.272
-22.6869 0.0 -101.849
-20.1433 1.00134 -100.398
-19.7783 1.0 -97.3234
-19.7724 1.0 -97.1816
-20.0289 1.0 -94.6479
-20.192 1.0 -91.4149
-20.1976 1.0 -90.0768
-19.9124 1.0 -88.5993
-19.72 1.0 -88.3
-19.3 1.0 -86.2598
-19.234 0.0 -83.8894
-19.4695 0.0 -80.4539